0
0
0
0
0.127663
2.70697
14.3789
3.51716
2.8638
2.29543
12.0903
6.97702
10.5904
5.62232
3.50042
2.44947
3.45506
21.0447
52.3517
29.6943
17.643
17.4311
12.8978
9.4138
7.08986
5.52918
4.49093
3.79646
3.32065
2.99722
3.09964
4.803
4.15431
3.52618
3.0233
2.82766
4.64872
8.90445
10.2738
7.55898
5.72277
4.47279
3.61777
3.0382
3.94438
22.3809
82.8079
56.7137
37.2546
21.6101
15.4953
15.102
14.8944
12.4203
17.0619
30.1991
18.858
13.8145
10.79
9.2422
10.657
34.8649
34.5008
20.3063
14.5532
11.2397
9.03402
7.54125
6.51944
5.81094
5.46954
6.91512
15.6337
11.7624
10.5365
14.2035
36.429
39.0605
33.2626
21.2409
15.9037
17.6702
18.3186
35.6946
21.7314
15.8857
12.5477
10.147
8.50711
7.64175
10.1296
43.0876
106.822
56.2116
28.2782
20.6978
16.8285
13.2047
10.7331
9.51053
19.9859
91.7243
136.208
54.0356
27.9313
19.2345
14.7694
12.1513
12.2457
12.232
12.2093
26.2004
19.4853
27.7623
19.5702
15.0338
16.282
62.611
146.306
63.3152
44.357
32.0713
26.6113
19.8993
15.7447
12.9311
10.9917
10.6408
20.4638
39.3764
69.4534
41.039
31.3933
21.8852
17.2335
17.5762
15.0032
12.5333
10.6854
9.79742
20.2637
90.7843
131.591
48.4548
30.4896
26.0899
78.5592
181.14
70.7651
34.1349
23.2063
17.9427
14.6542
12.5561
19.4221
81.001
38.413
36.3143
27.3124
41.8166
31.7855
30.2084
22.8904
18.0257
16.1114
16.1982
48.8467
229.445
142.991
51.753
29.6608
26.9055
41.8004
27.239
20.7629
16.8255
16.3758
35.0847
48.1387
33.3006
23.0782
20.2262
27.3325
53.4295
162.122
74.3719
36.2828
27.9328
21.598
23.3062
36.2935
24.2237
18.8307
15.6874
13.3629
13.0872
24.1057
16.9987
13.7712
11.6833
10.1605
9.04195
8.52104
10.6826
11.2378
32.9765
122.46
44.2811
24.1097
17.6689
18.252
19.3404
15.2172
12.4384
10.4716
9.70878
9.3737
12.3795
19.038
16.5189
12.9303
12.5622
11.0289
9.189
7.82307
6.88586
7.0307
9.8442
9.331
7.87485
6.70332
5.87863
6.36874
11.2642
10.9327
8.66816
7.24372
6.67115
10.9729
15.1961
55.9128
54.6526
65.1288
57.0835
209.984
85.4959
40.0146
57.1632
41.4774
26.6272
19.6499
15.4567
12.6801
10.7972
9.4908
8.79643
10.2509
9.62252
12.5526
12.7666
10.5414
8.91834
8.51704
14.5152
11.733
9.74421
8.18683
7.09792
7.0031
6.74802
6.6381
6.0398
5.8363
7.91913
7.28361
7.28434
6.20707
5.30683
4.62525
4.12188
3.74523
3.46885
3.37149
3.1634
2.9544
2.76692
2.8529
11.6915
68.495
34.322
17.9846
12.6508
9.35422
7.21472
5.79726
4.85188
4.20879
3.75581
11.6513
80.8074
36.8162
18.6964
12.6137
9.69515
7.61991
6.20707
5.24815
5.07514
9.37151
12.1076
10.0005
14.6682
15.564
11.5238
8.90405
7.40056
9.42756
12.1007
9.49452
7.91601
6.47726
5.4129
4.65585
4.11712
3.72326
3.42294
3.18288
2.98227
2.80824
2.65287
2.51124
2.38029
2.25804
2.1432
2.03488
1.93243
1.83539
1.74337
1.65605
1.57316
1.49445
1.41969
1.34869
1.28124
1.21717
1.15631
1.09849
1.04357
0.991386
0.941816
0.894725
0.849989
0.807489
0.787306
1.5506
8.3012
18.4583
11.9498
8.40666
7.42438
6.16626
10.5602
11.217
8.17299
6.11004
4.80135
3.83694
3.16945
2.71176
2.39223
2.16158
2.38358
6.29227
10.8685
10.2471
8.68453
6.99848
5.83967
10.3867
39.1503
24.5793
14.8199
11.5385
10.1989
8.07272
6.63403
5.68598
4.81028
4.15101
3.67035
3.31586
3.04528
2.82947
2.70333
3.33157
5.9423
6.15617
5.81367
6.89858
5.86319
4.80689
5.20581
8.73592
17.478
11.9514
10.9413
17.1874
12.2904
12.9652
31.5893
20.186
29.3178
38.8293
41.3167
27.9649
18.6974
25.4132
97.9074
53.7548
30.6561
25.4973
18.671
15.3036
20.1941
21.4556
16.2127
14.522
14.4622
11.8273
9.89704
8.5099
7.50919
6.77442
6.90674
12.5114
10.4627
15.1106
66.912
34.4261
26.5986
22.1733
16.2158
12.577
10.1222
8.89798
13.0243
24.0307
34.3159
41.3969
24.6252
22.0101
18.1828
17.2869
13.6811
11.2587
10.5882
12.3537
39.5095
27.808
18.1546
13.8143
12.3556
13.538
16.6178
60.7755
45.562
82.4401
37.7023
23.6036
17.4494
13.8266
12.4385
16.0485
61.1154
33.9623
30.8015
48.2151
27.831
19.9536
15.5383
12.6052
10.6056
14.684
61.9137
50.5056
28.7966
35.6164
69.3511
42.8921
26.1805
19.2363
15.1886
12.5145
10.6978
9.43267
8.53853
8.03084
7.51808
7.48355
6.99194
7.52543
16.1478
13.1849
10.5989
8.75766
7.63777
13.5961
56.3257
51.1756
26.2057
17.616
13.3152
10.5302
14.7941
65.2997
33.3742
27.477
18.7907
14.4036
12.8166
10.5327
13.4937
60.5969
111.255
42.5097
23.9469
17.2323
14.8917
22.3095
46.2378
205.763
63.3197
29.4069
20.6621
15.8951
12.9601
11.6649
11.3045
17.9387
14.2431
16.5767
16.5517
46.1258
67.1886
37.1174
67.8206
67.434
240.296
79.2821
35.4329
23.3815
17.9401
14.6243
12.4666
11.3875
10.7812
9.81566
9.18603
8.6959
8.04666
7.47905
7.15391
6.70826
6.28445
5.90502
5.56671
5.26132
4.98165
4.7225
4.48029
4.27921
5.58783
16.609
13.4024
12.7578
9.57793
7.54619
6.15013
5.72288
15.3575
64.3248
39.7047
21.2163
17.4237
38.6182
23.2777
27.5597
34.6158
30.0642
19.843
14.7989
11.7011
10.137
8.60388
7.50336
7.03419
7.64186
16.7908
19.836
15.0439
12.5438
10.6053
14.4841
11.4769
9.34087
7.74376
6.70425
7.68321
13.3239
10.7247
8.71819
7.18389
6.05279
5.26594
4.87349
4.89972
8.82752
15.1027
68.3814
82.9775
37.2622
30.5597
24.9719
19.4735
15.48
12.0377
9.70303
8.10924
8.20601
19.7256
33.5853
36.6964
22.5186
16.0519
12.5596
12.1237
12.6283
13.2877
21.7903
18.1254
28.2668
18.9567
14.3563
11.3786
9.30843
7.87849
6.88398
6.17254
5.64731
5.28365
4.94842
4.72823
4.45264
4.18825
3.96372
4.1147
5.89876
5.56377
6.66166
5.75118
5.673
10.8153
8.58752
6.90412
5.58258
4.6103
3.9254
3.44411
3.09707
2.83616
2.97015
5.87467
5.78669
4.7652
3.92936
6.25331
37.6667
91.0992
44.9933
22.5103
14.8124
10.8156
8.30193
6.66319
5.58957
4.94643
5.03648
14.3293
50.0397
29.6368
17.331
12.2843
9.39944
7.78569
6.49048
5.55934
4.8957
4.41244
4.04653
3.75635
3.51563
3.30804
3.12354
2.95589
2.80122
2.65703
2.5217
2.39412
2.27353
2.15931
3.89167
19.7578
13.8692
9.80769
8.19661
9.96394
8.09143
7.61271
13.5446
10.1034
7.82331
6.13865
4.93327
4.10234
3.53196
3.44167
5.89782
8.24942
33.7992
25.5916
20.0164
14.1339
15.4069
23.219
54.8644
26.9186
18.0875
13.2717
10.3043
9.34067
10.6838
8.81358
7.40572
6.71665
6.03514
5.35158
4.81824
4.8073
7.64768
13.0128
36.7986
24.4099
17.6289
32.2716
33.6384
26.7082
21.4373
15.4643
12.2144
10.6262
10.415
9.37495
8.09274
8.3707
7.96639
8.37053
20.1345
14.3564
11.4239
13.0164
16.8916
12.7603
14.8146
42.6854
32.1051
32.6295
20.8801
15.3308
12.0833
11.4691
10.1572
8.55542
7.3448
6.45753
5.80456
5.31039
5.52597
11.6451
28.0735
92.112
39.2927
23.1335
19.0847
25.7762
45.275
30.6034
42.3451
32.7467
23.2934
32.7915
37.0082
34.1231
25.8463
29.8108
25.6207
18.9302
14.9809
12.3283
11.7396
24.8552
50.184
27.3049
23.0352
30.2004
29.2038
54.2422
64.7306
35.0667
32.641
26.8557
19.9396
15.829
13.1725
11.938
13.5937
34.6847
23.4868
17.5855
21.7739
59.0401
80.4819
47.6621
28.631
25.9101
29.6212
50.8367
79.5518
200.456
83.3647
38.8715
25.9901
20.019
16.4064
13.9288
12.507
14.1116
16.933
42.5586
48.911
28.3512
24.0501
25.3286
19.7058
19.6871
36.4526
59.4674
44.8364
41.9586
27.2751
21.1218
22.1076
18.4779
15.3037
12.9289
11.2095
9.96327
9.03942
17.6507
113.719
212.512
81.1663
139.424
93.8818
62.9754
36.4839
32.4779
86.0311
63.4502
34.6828
25.7432
29.836
22.1589
19.2592
27.9602
21.5512
19.7594
33.5347
25.8959
52.2549
106.445
54.0018
36.084
58.5288
43.1696
39.4345
31.2629
59.0292
53.3049
34.5217
45.0185
39.5543
28.337
21.8104
17.8143
15.1018
13.5091
14.8129
13.1458
11.72
10.657
10.4865
9.77915
16.7108
72.1215
50.1591
108.496
50.1176
37.1759
52.5663
31.1517
22.5486
17.698
14.5214
12.7986
11.2019
9.98418
9.06071
8.34312
7.76406
7.27774
6.85468
6.47636
6.13116
5.81177
5.51348
5.23318
4.96875
5.50156
12.1943
11.0661
12.2321
27.8018
155.554
79.368
35.3672
21.2117
16.2856
18.0762
29.433
97.8435
39.9258
23.2397
16.974
14.2042
12.4749
11.2285
10.9553
9.43646
8.22162
7.2997
6.60381
6.06698
5.63711
5.27857
4.9684
4.69216
4.44085
4.20877
3.99231
3.78908
3.59746
3.41628
3.24469
3.11373
3.24277
3.83138
10.2535
10.2869
29.6417
22.1809
59.7618
31.5687
18.7312
13.2574
10.2674
8.31165
6.8389
5.80617
5.42808
7.97511
7.09092
6.04801
5.17667
4.51254
4.02161
3.69181
3.7848
3.90379
3.75525
4.90406
4.30573
3.7149
3.23854
2.87791
2.60673
2.7299
5.48494
4.66055
3.87721
3.22496
2.73413
2.38081
2.1258
1.93609
2.073
4.47496
4.13732
5.37285
9.17828
6.99104
5.37478
4.16405
3.30518
2.71901
2.32072
2.04426
1.84487
1.69405
1.57412
1.47425
1.38783
1.31082
1.2407
1.17592
1.11548
1.05871
1.00518
0.95457
0.906628
1.06399
2.91894
3.46515
2.76532
2.1557
1.70147
1.38503
1.16922
1.02041
0.914452
0.835543
0.773787
0.723091
0.679726
0.641412
0.606744
1.61246
10.6453
8.94899
15.9116
12.3912
9.35055
12.2502
8.92383
6.66092
5.05555
4.0622
4.27494
3.627
3.05022
2.61061
2.29043
2.05653
1.91223
2.05883
1.952
2.10578
2.36299
2.12017
1.85078
1.62924
1.46012
1.33129
1.23025
1.14775
1.07769
1.01617
0.96077
2.66662
18.2866
18.3691
31.5089
34.1928
19.1258
12.8966
9.4295
7.96206
6.60834
8.14232
7.30031
10.5818
10.3314
7.92225
6.4131
5.37277
4.51168
3.88113
4.01958
8.87394
7.21551
5.8644
4.77813
3.97154
3.39975
3.15491
4.27074
3.77653
3.25868
2.83536
2.51426
2.27335
2.0882
1.9826
2.23818
2.43693
8.97733
39.5578
19.2715
15.4118
38.0727
27.2252
16.9517
12.0313
9.06616
7.99127
14.6921
12.5395
9.5637
7.56012
6.15256
5.53241
8.01481
6.94084
6.34801
10.4025
15.0975
15.55
12.9116
9.68759
7.56389
6.11053
5.11708
4.43329
3.94999
6.06064
26.8117
16.1502
16.9863
18.6625
41.3709
43.0378
23.8999
16.3422
12.2219
9.63366
8.60579
7.30656
6.31823
5.84385
7.74958
22.7993
55.8215
51.9585
35.0027
40.9776
77.2116
53.4799
56.0164
72.1064
104.518
84.3188
65.5938
45.9923
43.0606
30.0572
23.5274
25.1667
20.2214
17.115
15.6359
14.0742
18.706
71.8184
42.0414
26.1381
30.4325
29.7903
24.3988
18.5328
14.9801
12.5841
10.9146
9.72434
9.34644
13.0815
11.5218
12.6637
34.9591
32.7286
21.101
19.0852
15.0222
12.5963
10.6517
10.1791
20.8492
37.921
24.1694
34.4153
22.7144
21.017
16.307
17.2501
47.9938
57.3263
36.6251
25.5863
18.4839
14.6425
13.8098
13.373
26.9109
32.5595
143.308
51.3533
27.2432
19.2273
14.971
12.2364
10.3942
9.50492
12.2343
12.9695
10.7893
9.23312
9.40977
18.5881
14.2296
11.4762
9.48429
12.3655
47.9703
24.3002
18.1985
29.1311
19.5295
14.7813
11.7046
9.56458
8.50898
11.333
16.5722
62.8341
46.7074
127.287
47.391
25.9223
18.6225
19.6587
53.472
78.7363
37.7416
44.5221
70.4986
37.3779
24.8527
19.3857
15.7548
23.4263
104.123
173.397
244.93
77.1672
39.1006
26.1878
21.7553
19.688
18.8337
38.418
32.8772
22.6968
17.8257
14.829
12.6656
11.12
9.99569
9.90737
15.8619
13.2761
15.1102
45.1289
24.2941
17.2021
13.5636
11.1348
9.45137
8.27295
7.42596
6.79161
6.77666
10.7702
11.4386
15.7831
13.4809
12.5315
12.3185
10.008
8.32732
7.76165
6.74346
5.9134
6.38528
16.1491
17.9332
12.4965
9.61147
7.78862
6.46997
5.67071
4.9982
4.5815
5.81797
12.0497
10.4171
9.40158
19.1767
20.3844
14.0194
10.455
26.8182
167.989
52.4117
23.6885
15.5481
11.6532
9.85421
11.6963
12.9318
37.9079
21.0828
14.6998
11.6921
13.5806
19.5332
21.5032
80.7316
46.1956
26.2391
18.2555
13.8415
11.0338
9.20838
8.0162
7.85119
7.10084
6.59582
6.01775
5.525
5.15989
4.81625
4.51322
4.24662
4.57746
9.78572
12.0512
9.20421
7.33778
6.08194
5.23778
5.71522
5.53741
4.81006
4.2227
3.73094
3.35214
3.06134
2.8319
2.64373
2.48338
2.34224
2.21492
2.12863
2.29355
2.16936
2.00492
1.85371
1.72477
1.61502
1.51962
1.43469
1.35754
1.28639
1.22011
1.15792
1.09932
1.04393
0.991477
2.18476
13.3974
13.5109
8.73601
6.19404
4.55423
3.45957
2.73802
2.26242
1.94309
1.7213
1.58027
2.984
14.4927
9.59872
7.06429
5.29666
4.03384
3.17333
2.59932
2.21388
1.94799
1.75689
1.61266
1.49814
1.40289
1.32053
1.32946
2.00038
3.17507
13.995
9.39842
7.20954
5.37594
4.06592
3.25039
4.78926
22.6956
13.2681
9.33933
6.92694
5.2543
4.39419
6.16046
6.39218
8.71736
20.8118
18.8196
12.5567
11.2593
15.1351
11.5131
8.81414
7.28242
9.30048
7.72376
6.33795
8.58921
36.4755
25.8069
20.8931
18.0721
13.6353
15.4339
17.3014
29.8304
24.0218
18.9085
25.1703
28.0768
19.0286
14.2055
11.1451
9.06441
7.64518
6.66528
5.96771
5.44899
5.04381
4.71182
4.4283
4.17812
3.95195
3.74399
3.55057
3.36931
3.19861
3.03734
2.88466
2.73995
2.60266
2.53264
2.94637
2.77953
2.62597
2.39795
2.19173
2.02095
1.88021
1.77227
2.93315
12.9398
9.07319
10.3168
37.5821
64.2862
66.0164
32.861
19.9496
16.359
12.8006
12.2131
24.7904
24.4442
16.2685
12.185
9.59126
7.82968
7.3524
12.8617
10.6713
10.1799
8.99795
7.66868
8.31345
7.02918
6.86816
15.0021
22.613
15.7724
15.3765
11.7825
9.27231
7.64151
7.77483
8.3688
23.5002
44.1856
37.4594
55.5182
65.4986
72.4871
41.6485
25.524
18.469
14.3687
12.2882
10.5745
11.9532
20.2105
16.5822
12.9835
10.6196
8.94631
7.79506
7.94663
13.1796
11.5028
15.3131
17.1459
37.8159
22.1871
17.3838
13.4837
11.9341
9.88786
8.29787
7.14837
6.32192
5.71503
5.25759
7.75299
38.6376
85.6971
35.3335
29.9073
38.6524
37.0546
23.2397
19.6746
40.2276
34.2817
23.4534
23.7208
17.7376
14.029
11.4807
14.0872
49.6245
27.0249
21.5218
24.7971
26.8453
29.6784
28.6868
44.7754
43.1257
26.476
21.0418
16.3449
13.3947
18.0431
61.9493
32.5955
20.9608
19.0633
51.3934
108.757
43.7717
30.5907
57.833
32.4225
22.8909
17.8378
14.5452
12.4813
10.9693
15.0937
60.0847
96.2456
71.5358
34.9241
23.6838
34.2898
147.032
109.825
119.957
242.266
82.643
49.7928
48.7761
32.701
24.7613
20.1316
58.9022
395.77
169.813
67.2064
148.122
394.978
193.957
138.087
76.6474
54.6062
53.6475
70.0338
41.3025
30.4165
24.5312
20.6224
18.1721
18.6155
17.0205
30.973
159.097
54.7633
30.1125
22.2446
20.5261
38.7024
28.575
31.453
30.1512
28.4976
21.752
18.1091
15.7811
15.966
14.6783
12.8007
11.4102
10.3524
11.1781
27.2522
40.1834
29.0507
19.7855
15.3945
18.8875
62.5762
37.1302
25.6648
33.6225
75.3358
90.0886
99.0382
48.185
65.4274
44.6256
29.1433
21.9605
17.6087
14.7123
12.8168
11.4043
10.3469
9.65689
10.1287
9.3826
8.6241
7.96449
7.4096
6.93871
6.52955
6.16513
5.83393
5.52841
5.24367
5.15058
6.43596
5.89409
5.2969
4.78926
4.43288
4.19991
5.47705
15.332
19.9767
26.7508
21.191
17.9118
12.9962
9.9449
7.88656
6.60293
6.97867
9.92017
17.5104
12.5802
9.76815
7.79531
6.38896
5.41499
4.73159
4.24111
3.87476
3.58785
3.35237
3.15104
2.97325
2.81244
3.53794
11.1145
10.2131
19.693
58.3392
26.5178
16.4826
11.859
8.96987
7.06444
5.80316
5.93398
13.8618
11.095
12.4544
11.2774
8.74638
6.97477
5.73561
4.87623
4.27558
3.90209
5.47131
19.1147
31.9227
21.7102
48.7896
69.2594
33.6868
34.9496
23.159
16.7666
12.8465
10.574
11.9797
11.577
10.5906
18.3054
25.9034
17.2687
13.0815
10.4047
8.55119
7.26977
6.37538
5.73219
6.48091
17.0887
15.505
12.4602
18.7356
15.3932
11.5984
9.15079
7.4642
6.29952
5.49595
4.97035
4.54409
4.44983
7.22159
17.7904
14.7886
13.0962
10.0737
7.8735
6.35871
5.31727
4.59844
4.09058
3.71737
3.42971
3.19697
3.00032
2.82821
2.67354
2.5319
2.40053
2.27764
2.16204
2.0529
1.94964
1.90522
2.29375
2.23523
3.36661
11.7923
8.43932
6.3969
5.59446
11.352
14.7262
10.1548
7.58433
7.19736
14.8445
32.917
23.7899
17.5414
12.1523
9.04103
7.03153
5.70084
4.81063
4.20112
3.76784
3.44496
3.19185
3.16522
5.76659
15.5626
11.8791
9.03585
11.1116
27.3836
22.0877
15.1627
13.6878
10.253
14.1523
64.6449
29.2581
19.7962
34.6966
30.8014
19.7186
14.8096
11.4756
9.28833
8.29669
7.19138
6.42667
10.1613
39.5004
25.7205
16.203
11.9807
9.43497
7.85769
6.69684
5.95019
5.33794
4.86021
5.31635
13.1163
18.8126
22.7599
21.5655
18.1012
39.4571
37.9664
24.8835
17.0481
14.1539
15.8787
12.6104
10.2382
8.49656
7.44352
8.26694
7.25587
6.36232
5.65543
5.1134
4.72481
4.91568
8.18865
15.657
11.8889
9.82259
7.82802
6.76893
11.3653
35.5717
23.8676
31.875
22.7738
23.6257
25.0093
38.4364
35.064
21.9649
16.0315
12.5849
10.4743
13.9828
33.8064
30.8145
66.9769
33.8764
21.6688
17.2179
14.3698
17.8796
15.8692
12.9212
10.6664
9.04661
7.88807
7.18626
7.76304
7.06094
6.37776
5.82152
5.54029
5.14781
4.78352
4.64203
7.80685
23.4756
14.9014
35.5197
233.06
73.0908
29.8767
31.4147
20.8832
15.5663
16.933
55.7115
35.2216
22.2865
26.2815
25.1041
18.0736
14.5829
11.8
9.84257
8.4734
7.50782
6.83839
6.29407
5.84914
5.47559
5.15221
4.89141
5.47738
25.0247
186.501
446.058
131.337
107.259
411.769
124.85
44.6027
41.3192
153.298
69.3593
34.2093
23.8584
22.4675
19.797
21.6595
19.3372
16.2752
16.9648
37.5615
24.9565
21.1287
16.5602
13.5896
11.5344
10.1206
9.07057
8.28216
7.6591
7.14815
6.71311
6.59691
8.59628
8.07437
12.0678
27.6353
17.964
17.9472
13.8472
13.7438
34.5783
20.5016
14.9162
13.0023
22.282
15.3471
11.7687
9.53264
7.97571
6.93582
7.62193
15.6762
12.6337
10.1847
11.2363
9.12097
7.5415
6.38398
5.62063
5.64521
5.11964
4.64284
4.61929
5.7218
5.08401
4.45692
3.96625
3.75691
3.62486
5.30391
9.03609
16.7196
16.5241
15.1064
12.35
27.0061
44.7725
23.427
15.7129
11.6599
9.0297
7.90501
15.4566
40.3343
21.3475
14.6927
14.8327
40.2565
26.7996
56.4436
40.3033
24.1505
19.8864
14.9959
11.856
9.93716
9.87184
8.77697
7.81432
7.27227
6.65329
6.56435
6.04711
5.50157
5.46124
10.345
22.3057
14.7635
11.1495
8.79092
7.13063
5.98056
5.18451
4.62049
4.20457
3.8828
3.87491
5.87818
5.20933
5.20738
4.81634
6.8334
6.49913
5.39717
4.96934
4.23568
3.63491
3.20679
3.09453
3.06164
3.8881
13.3559
12.0867
11.8257
18.4432
12.6336
9.382
7.17393
5.64399
4.60822
3.90874
3.42658
3.08161
2.82286
2.61877
2.45002
2.30482
2.17595
2.05898
1.95112
1.85062
1.75632
1.66745
1.58344
1.50389
1.42846
1.3569
1.28898
1.22448
1.16322
1.10504
1.05482
1.06896
1.2089
1.13618
2.48741
14.984
10.0621
7.14284
5.22636
3.91714
3.37345
3.91053
7.46103
6.45493
5.06161
5.72557
15.9544
22.5153
13.8167
9.75737
7.23844
6.00592
12.0202
36.5076
23.9168
36.8751
32.0115
25.3199
17.0886
12.5897
10.3681
14.4203
13.3545
11.6719
15.6299
13.8978
10.702
8.57184
7.08966
6.08809
5.67452
5.41491
4.96421
4.51189
4.24011
4.91658
4.81429
8.28475
36.5205
19.225
13.0239
9.75706
7.58009
6.1048
5.11052
5.13283
11.4794
15.3124
10.9627
8.44382
6.86647
5.86424
4.97986
4.90462
8.929
10.7885
11.0135
27.6606
37.4667
20.8222
15.3021
20.7963
20.888
17.3751
12.7024
9.83909
7.93373
6.6415
5.75401
5.12712
4.66541
4.30836
4.01851
3.77287
3.62122
3.99579
3.75013
3.99258
9.79536
19.3114
14.0381
10.0996
7.71781
8.29205
24.0489
16.5421
14.8676
12.5272
12.2747
9.69064
8.33406
6.80953
5.67454
4.86563
4.2903
3.87111
3.79288
5.64669
4.92092
4.23827
3.6891
3.2781
5.64731
29.4602
31.394
17.7202
12.7002
9.42145
11.1081
44.5417
46.565
56.8814
28.5363
18.7345
13.7978
10.6613
9.73429
18.7968
21.0073
36.5639
21.7583
15.6715
12.8336
20.9723
53.8932
28.1328
18.6464
14.1163
11.2116
9.25574
7.9794
7.04264
6.35177
10.0936
45.7661
24.6007
24.2541
18.4388
50.4037
246.163
103.498
41.414
36.1555
30.1098
34.2528
26.2577
44.5265
39.5427
77.4629
66.6875
52.4992
37.9962
30.4217
35.4055
105.048
78.2861
46.5846
39.9833
119.041
50.2585
30.2312
22.7028
18.3693
15.4901
13.9864
16.8235
14.8427
13.3027
15.054
23.4535
19.3296
15.3903
12.8431
11.4529
34.3246
213.676
90.6968
36.9317
22.9807
24.1322
86.9413
118.314
47.864
41.6929
55.7424
52.1759
196.3
258.799
86.8324
101.377
50.3114
32.3845
24.9471
28.0471
63.5866
34.8101
25.0301
20.9636
25.1675
20.3671
21.0728
52.8099
34.6591
26.5907
20.9979
22.6206
67.6801
42.978
50.2575
68.1926
146.151
215.096
77.1348
45.2754
30.4084
23.8492
24.6029
51.0742
205.95
146.773
55.5958
33.8424
35.21
34.1936
25.5781
20.6756
17.3739
15.1081
14.0974
13.5734
12.3246
11.2994
10.4121
9.6796
9.11591
8.57231
8.07907
7.68052
10.2746
31.6156
18.2705
13.9946
12.2117
10.1975
8.66558
7.54121
6.71928
6.10624
6.37815
12.9972
14.8673
11.2832
9.98454
8.281
8.45468
11.9089
8.80927
7.23992
6.89789
7.00787
6.21798
9.36569
33.3215
49.6408
24.8231
17.0209
19.1222
14.2905
11.4044
11.9703
18.2097
22.4074
15.5493
14.2698
11.5743
13.9049
15.8663
12.0241
9.58599
7.89528
6.69772
5.8511
5.2415
4.78607
4.4298
4.13784
3.88858
3.80207
4.92099
5.84591
6.06397
5.16223
4.43783
4.013
3.6044
3.23143
2.93215
2.6956
2.50454
2.34484
2.2067
2.08376
1.97199
1.86883
1.77266
1.70771
2.03353
3.70171
4.46471
3.61893
2.91474
3.05452
18.6064
108.943
89.4634
35.7167
20.4394
13.959
10.2465
7.87555
6.33057
5.31164
4.86227
6.357
5.53269
4.77497
4.17067
3.71258
3.367
3.09946
2.88399
3.13534
6.80556
6.01435
4.96007
4.07908
3.41715
2.94381
2.60622
2.35893
2.16996
2.0186
1.89187
1.78178
1.68338
1.59363
1.5106
1.43306
1.3602
1.29146
1.22645
1.1769
1.76093
6.38658
5.0854
3.9658
3.05919
2.39632
1.94068
1.6326
1.42141
1.27171
1.16068
1.0741
1.00324
0.942779
0.89076
0.85787
0.852051
0.86631
0.812884
0.785972
1.0349
0.960639
0.844593
0.742593
0.663377
0.60301
0.555947
0.517823
0.485682
0.457631
0.432485
0.409501
0.807317
6.49979
23.078
14.7132
9.48395
6.63989
4.79304
3.57675
2.78573
2.27052
1.92876
1.69457
1.52695
1.40079
1.30084
1.21785
1.14618
1.08241
1.02441
0.97086
0.92092
0.874036
1.02594
4.39543
18.3971
11.0367
7.78035
6.33863
8.90507
20.2498
19.5967
34.0752
21.5653
15.9935
21.6265
19.3742
16.0619
21.5908
19.9417
14.637
13.0842
18.5736
14.497
11.21
8.92157
7.31551
6.20123
5.42395
4.86667
4.44992
4.12285
3.8538
3.62332
3.43342
3.48492
4.29785
4.01293
3.58729
3.21129
2.91096
2.67445
2.48394
2.38364
3.22754
7.87007
13.511
9.56246
7.36638
6.25268
7.40542
7.19824
7.38444
5.90339
4.763
3.9158
3.31142
2.88592
2.58094
2.35401
2.17714
2.03265
1.90959
2.25498
10.2528
44.5111
27.4416
16.4959
11.1381
8.34574
9.09109
30.5752
85.7108
43.0223
68.8631
63.8921
48.5957
55.9768
35.957
23.7537
19.3139
31.3676
37.8832
51.2566
64.671
72.5166
66.3561
37.8796
31.6447
46.3945
29.2695
21.8721
17.4798
14.4919
12.682
15.3382
31.6852
23.4538
36.3442
23.8931
18.3209
15.2103
13.0501
11.8797
13.5462
18.3738
69.1006
263.698
74.974
31.7706
20.7757
15.9226
12.9688
11.0076
9.65687
8.83022
10.5276
20.629
22.063
15.9094
13.3369
23.2892
70.8602
31.9179
23.4199
29.3123
20.7866
15.9788
13.0674
13.0223
10.9503
9.36713
8.38495
10.8269
23.888
17.1107
13.8442
13.9613
11.3897
9.42967
7.98096
6.94508
6.32695
6.53119
8.02725
7.01235
6.16213
5.51926
5.49397
8.12904
20.0089
24.0679
44.8369
51.7902
94.963
50.4596
27.5708
21.6273
16.2213
15.1988
23.2566
17.6168
13.5654
11.0986
9.79801
8.59516
18.3178
102.852
72.4193
327.718
113.009
41.5811
26.4726
48.3117
222.347
147.541
85.7887
46.7056
55.6157
195.73
551.386
585.688
226.953
74.4777
46.9425
51.2697
140.394
62.2068
43.6625
78.1515
123.404
80.2755
44.6883
39.6629
60.1886
59.4734
36.639
27.7471
23.5749
22.6937
21.0795
24.5766
20.3828
18.5324
16.5765
16.4074
14.4371
12.9474
11.834
11.2837
10.5138
10.2501
10.1462
10.6088
9.69572
9.05168
8.76861
8.0865
7.81827
7.63862
7.1691
10.3109
33.029
56.2246
25.0983
16.1816
13.9672
17.0573
24.1464
64.4236
29.4103
18.9867
16.0824
19.56
22.1712
15.815
12.9608
11.5662
13.2661
15.1278
37.0639
69.9883
32.5389
20.845
15.5823
12.3139
10.1342
8.69169
8.11999
9.20364
8.16797
7.28803
6.52254
5.91934
5.74613
9.32554
25.1945
26.3594
16.417
12.0998
9.73064
9.00287
8.23246
9.58356
8.50655
7.28555
6.4605
5.61356
4.95602
4.46006
4.08081
3.78071
3.53333
3.32144
3.13417
2.9654
3.58603
17.3859
81.2571
86.0916
54.4521
29.3567
23.9157
17.1074
12.8361
10.0127
8.11766
6.84181
5.96668
5.34509
4.88283
4.52137
4.22481
3.97125
3.74729
3.55785
3.59356
4.37474
4.66986
6.70609
5.65205
4.71899
4.04582
4.50871
8.11413
6.68394
5.43784
4.4356
3.69584
3.17245
2.84505
3.30465
6.54214
9.59157
7.56329
5.84207
4.5989
3.73022
3.26088
3.42341
3.20342
2.78683
2.45053
2.19433
2.01971
1.9535
1.82003
1.71374
2.01541
3.64638
4.43773
12.4967
8.84154
6.6265
5.14091
6.10371
15.1254
21.6331
13.5097
9.62878
7.1878
5.53614
4.43195
3.69601
3.19695
2.84682
2.58978
2.3962
2.31394
2.48764
2.32944
2.13338
1.95844
1.81284
1.6915
1.58787
1.49685
1.41497
1.33999
1.27044
1.20539
1.1442
1.08644
1.03178
