213 1
1.7
1.6
1.5
1.3
1.2
1.4
1.5
1.6
1.4
1.5
1.3
1.2
1.4
1.6
1.5
1.4
1.3
1.2
1.3
1.5
1.1
0.9
0.7
1.2
1.1
1.0
0.6
0.7
0.9
0.6
1.4
0.1
0.2
0.1
0.1
0.1
0.1
0.3
0.1
0.1
0.3
0.2
0.3
0.5
0.4
0.3
0.4
0.5
0.3
0.4
0.5
1.1
1.3
0.7
0.6
0.4
0.5
0.1
0.2
0.3
3
3
5
3
1.3
0.1
2.3
1.9
2.1
2.3
2.4
2.8
2.6
2.5
2.7
2.6
2.1
2.4
2.5
3.1
2.6
3.4
3.6
3.8
3.8
4.1
0.1
4.2
6.5
0.1
4.6
4.8
4.9
4.7
0.6
0.5
0.3
0.2
0.25
0.28
0.4
1.9
2.1
2.22
2.3
2.6
3.1
3.5
1.5
0.5
3.0
2.0
2.1
2.22
2.4
2.6
2.8
2.7
6.9
5.2
0
4.3
4.2
4.1
3.9
3.8
4.2
1.2
4.8
4.6
0.0
0.0
0.0
0.0
0.0
0.0
0.0
5.6
5.7
5.1
5.2
1.2
2.8
0.0
4.7
4.3
5.3
3.9
6.0
1.0
0.5
0.0
2.00
0.00
4.50
0.00
3.80
1.60
3.60
5.10
2.70
0.00
0.00
0.00
0.00
0.00
0.00
0.00
5.60
5.70
0.00
0.00
0.00
0.00
0.00
0.00
0.00
0.00
0.00
0.00
0.00
0.00
2.00
0.00
4.50
0.00
9.00
10.00
7.40
12.80
0.00
7.00
9.50
7.40
6.60
5.10
3.50
6.10
5.70
5.90
5.40
4.80
5.60
5.90
0.00
0.00
0.00
0.00
0.00
0.00
0.00
0.00
0.00