0.26
0.26
0.56
0.73
0.44
0.44
1.83
3.86
2.47
2.07
1.61
1.18
1.18
0.95
0.96
0.96
0.96
1.14
2.36
2.71
2.29
2.37
2.27
2.08
1.87
2.29
2.08
1.18
1.05
1.33
1.26
1.01
1.01
0.66
0.98
0.89
2.22
3.05
2.46
2.36
2.04
1.70
1.47
1.06
1.07
2.84
2.17
1.68
1.28
1.12
1.11
0.94
0.26
0.17
0.17
0.37
0.29
0.45
0.46
1.19
2.89
1.12
0.85
1.45
0.85
0.43
0.24
0.46
0.41
0.46
0.46
0.11
0.11
0.11
0.21
0.16
0.58
0.32
0.10
0.08
0.66
2.14
1.40
0.19
1.04
0.97
0.78
2.41
1.61
1.60
1.22
1.77
2.46
5.00
6.34
5.27
9.10
8.66
4.62
3.32
2.70
2.49
1.87
2.07
1.75
1.53
1.71
0.87
0.86
3.86
3.57
2.82
1.98
1.88
2.43
9.25
4.10
2.65
2.39
2.91
4.31
2.50
2.29
2.29
11.76
5.99
3.67
2.40
2.17
2.03
1.62
3.38
2.66
2.18
1.49
1.26
1.15
0.45
1.61
7.75
3.35
2.34
2.34
1.35
1.35
1.42
1.70
9.70
3.10
2.37
1.90
1.70
1.82
1.60
1.48
1.94
2.97
2.27
1.84
1.61
1.59
2.52
1.27
0.81
1.88
2.16
2.06
8.73
14.17
5.23
2.82
2.02
1.10
0.99
2.18
15.32
22.22
9.62
5.73
3.12
1.84
6.66
7.18
17.22
12.51
4.90
2.10
4.22
2.11
1.39
0.48
0.62
0.63
0.92
0.51
0.66
1.14
0.73
0.78
1.23
0.23
0.17
1.46
0.80
0.16
0.27
0.52
0.41
0.26
0.37
0.07
0.80
0.23
