213 1
3.8
16.0
0
0
0
3.0
0
4.5
3.2
0
0
2.0
5.3
0
5.5
0
0
6.6
0
13.0
11.0
0
8.0
6.0
0
0
4.5
0.5
5.1
0
0.7
0.6
2.2
1.1
2.5
8.5
0
2.3
8.2
0
0
0
0
0
0
16.3
5.7
0
0
0
0
1.0
0.5
0
0.4
0
3.2
0
4.3
15.0
0
0
0
0
0.5
0
0
0
6.1
0
3.8
0
0.2
3.1
4.8
2.1
2
2.3
2.8
0
0
0
0
0.8
0.8
7.5
0
17.5
0
0
0
14.0
1.0
38.7
10.0
4.3
17.7
25.8
2.2
0
0
0
7.8
0.5
0
22.0
0
21.0
1.0
22.5
2.5
4.5
5.2
1.9
0
38.5
9.5
0
0
0
23.9
0.0
2.2
1.6
28.8
15.7
0.0
0.0
0.0
0.4
1.2
2.1
21.0
0.0
0
0.0
0
0.0
5.8
42.6
0.0
0.0
0.0
0.0
0
0.0
0.0
44.1
0
7.0
2.1
14.0
0.00
10.00
0.00
7.10
21.00
0.00
0.00
0.00
0.00
11.20
5.90
2.00
2.90
3.00
0.00
3.50
25.00
30.20
0.00
0.00
0.00
0.00
0.00
6.80
51.00
24.00
32.00
0.00
0.00
0.00
0.00
27.50
3.80
19.90
0.00
0.00
0.00
0.00
0.00
0.00
0.00
0.00
0.00
0.00
0.00
0.00
0.00
0.00
0.00
0.00
0.00
0.00
0.00
0.00
0.00
0.00
0.00
0.00
0.00
0.00
0.00