0.000485959280209537
0.005458407103285926
0.018401145864521
0.02047929714292815
0.02026211305898895
0.02011847705480829
0.022689550682565916
0.023418480467758844
0.027672950842959048
0.030902429805885298
0.030581059067886746
0.029925424179263863
0.03251531552793551
0.03732256068412282
0.03809655607914685
0.04295148476659946
0.04258164459762513
0.04255443901087716
0.04951587187301666
0.052729872262728204
0.06990969620698156
0.08645391169140693
0.09038222383112444
0.10406932386772406
0.11507444626046762
0.11463055096391966
0.11251351658559376
0.11892412619165199
0.11978782089188048
0.12746478180184595
0.12531683402520033
0.12156932491953888
0.12274508793419521
0.1287148853759846
0.13359909716196558
0.1423373894390626
0.15961635504108526
0.1608319116040672
0.16913243507712536
0.1874668614555142
0.18636266300788973
0.17922191099355747
0.1710971239441211
0.16357406051269888
0.15701720765555993
0.15918483554670534
0.20380197716936746
0.230875272786463
0.23289762652733043
0.22584873643447625
0.21678621644865365
0.20904350151438
0.20699302167921324
0.20181492869587972
0.1958514328766321
0.19111656799047863
0.18943639879177002
0.20439903889881475
0.2084125779580834
0.23435744615697252
0.2863844482173126
0.2931848608556016
0.28461672333360777
0.27244805679644823
0.26056926224618193
0.25003135444202734
0.24095037188229387
0.23316956049847765
0.23105577137482966
0.25225844762553307
0.2564644694549347
0.27083117181353067
0.26830820114152654
0.2629164567438851
0.27481729908540103
0.29129965079288084
0.2965947385395519
0.3005623490390994
0.3057669299450656
0.31148770421771105
0.30223514913328614
0.288435381164463
0.27471800419754494
0.26249056721130004
0.25196346679187864
0.24814601809087894
0.27144800782546413
0.2843978374776413
0.3374186905102925
0.3447893242715306
0.33516305383327694
0.33058612533186066
0.3720524302601773
0.4015188643960014
0.5528765421193294
0.6570474055834649
0.7578514824514161
1.068324697599388
1.5376518610443755
1.7035190076145736
1.644636476347038
1.5184221600770091
1.4128627125573507
1.4501600034857718
1.412181205424392
1.3824381161854793
1.6325463867487051
1.733850332986973
1.9626019693785248
2.045837272899128
2.3534592200909166
2.430159590485229
2.4461665885587114
2.447494566453427
2.3364743588392716
2.2539732192344553
2.629360675526043
2.8165781561542347
2.7515879151239826
2.581726594136004
2.4343367296096443
2.4876193708400822
2.4162956422472193
2.2941812051647097
2.2316915593529174
2.542144167846099
2.840658116854839
2.8677315594087553
2.7477453529065814
2.591944631897504
2.447534410343126
2.3511724751584935
2.323547386282121
2.458154829090808
2.448076840003577
2.3667239252193375
2.2698505874854384
2.1781458232098876
2.1081728976945757
2.1892646740255923
2.659608188913462
2.7795186915288226
2.719478258855968
2.606677628079012
2.4901574592674063
2.384759972154455
2.293222003907268
2.270823599507732
2.539219733302495
2.59334415566099
2.6404817328833166
2.6891319662276714
2.925323136554622
2.997539135000785
3.111791516320955
3.09435136574426
3.1337722535019386
3.3888157885589205
3.4032873586815224
3.2699345609146566
3.100330888403286
2.958657391099065
2.9532964867140588
2.9701606895921273
2.9671442045095833
3.0025703790672584
3.0341370749819094
2.9724845503132515
3.058290147390563
3.438696331383549
3.8336453504744203
3.8609728909525396
3.7031370150041742
3.501621261257912
3.3095155134408163
3.178130538258081
3.3594060166436535
3.975986147134267
4.424238526093949
4.808190257049187
4.791297942881421
4.588127295680075
4.34635907623077
4.193375349302803
4.448938173487889
4.548294939569521
4.784049518012381
4.75486332978992
4.5720038399081036
4.355758694599051
4.152410101578961
3.974098765128234
3.8210446376934257
3.6900607465840425
3.5774355847762136
3.479801623933023
3.3943281497840854
3.318703129209084
3.251059861629114
3.189898264044029
3.134015082684968
3.0824457439988264
3.0344170468721368
2.98930904803133
2.9466244788591927
2.905964247487546
2.8670078295644155
2.829497576919556
2.793226162919163
2.758026537982274
2.7237638935063853
2.6903292326198085
2.6576342264333563
